fa 2b c0 8e d0 8e c0 8e d8 b8 00 7c 8b e0 fb 8b f0 bf 00 7e fc b9 00 01 f3 a5 e9
00 02 b9 10 00 8b 36 85 7e f6 04 80 75 08 83 ee 10 e2 f6 eb 37 90 bf be 07 57 b9
08 00 f3 a5 5e bb 00 7c 8b 14 8b 4c 02 bd 05 00 b8 01 02 cd 13 73 09 2b c0 cd
13 4d 74 19 eb f0 be fe 7d ad 3d 55 aa 75 14 be be 07 ea 00 7c 00 00 8b 36 87 7e
eb 0a 8b 36 89 7e eb 04 8b 36 8b 7e ac 0a c0 74 fe bb 07 00 b4 0e cd 10 eb f2 ee
7f 8d 7e a7 7e c8 7e 0d 0a 49 6e 76 61 6c 69 64 20 50 61 72 74 69 74 69 6f 6e
20 54 61 62 6c 65 00 0c 0a 45 72 72 6f 72 20 4c 6f 61 64 69 6e 67 20 4f 70 65 72
61 74 69 6e 67 20 53 79 73 74 65 6d 00 0d 0a 4d 69 73 73 69 6e 67 20 4f 70 65 72
61 74 69 6e 67 20 53 79 73 74 65 6d 00 00 00 00 00 00 00 00 00 00 00 00 00 00
00 00 00 00 00 00 00 00 00 00 00 aa 55 00 00 00 00 00 00 00 00 00 00 00 00 00 00
00 00 00 00 00 00 00 00 00 00 00 00 00 00 00 00 00 00 00 00 00 00 00 00 00 00 00
00 00 00 00 00 00 00 00 00 00 00 00 00 00 00 00 00 00 00 00 00 00 00 00 00 00 
00 00 00 00 00 00 00 00 00 00 00 00 00 00 00 00 00 00 00 00 00 00 00 00 00 00 00
00 00 00 00 00 00 00 00 00 00 00 00 00 00 00 00 00 00 00 00 00 00 00 00 00 00 00
00 00 00 00 00 00 00 00 00 00 00 00 00 00 00 00 00 00 00 00 00 00 00 00 00 00 
00 00 00 00 00 00 00 00 00 00 00 00 00 00 00 00 00 00 00 00 00 00 00 00 00 00 00
00 00 00 00 00 00 00 00 00 00 00 00 00 00 00 00 00 00 00 80 01 01 00 04 05 5a a3
1a 00 00 00 d6 ff 00 00 00 00 41 a4 51 05 da 32 f0 ff 00 00 24 f3 00 00 00 00 
00 00 00 00 00 00 00 00 00 00 00 00 00 00 00 00 00 00 00 00 00 00 00 00 00 00 00
00 00 00 55 aa